x				u
0.000000E+00	1.000000E-00
1.000000E-09	1.000000E-00
1.020961E-09	1.000000E-00
1.042361E-09	1.000000E-00
1.064209E-09	1.000000E-00
1.086516E-09	1.000000E-00
1.109290E-09	1.000000E-00
1.132541E-09	1.000000E-00
1.156280E-09	1.000000E-00
1.180517E-09	1.000000E-00
1.205261E-09	1.000000E-00
1.230524E-09	1.000000E-00
1.256317E-09	1.000000E-00
1.282650E-09	1.000000E-00
1.309535E-09	1.000000E-00
1.336984E-09	1.000000E-00
1.365008E-09	1.000000E-00
1.393619E-09	1.000000E-00
1.422830E-09	1.000000E-00
1.452654E-09	1.000000E-00
1.483103E-09	1.000000E-00
1.514189E-09	1.000000E-00
1.545928E-09	1.000000E-00
1.578331E-09	1.000000E-00
1.611414E-09	1.000000E-00
1.645191E-09	1.000000E-00
1.679675E-09	1.000000E-00
1.714882E-09	1.000000E-00
1.750827E-09	1.000000E-00
1.787526E-09	1.000000E-00
1.824993E-09	1.000000E-00
1.863246E-09	1.000000E-00
1.902301E-09	1.000000E-00
1.942175E-09	1.000000E-00
1.982884E-09	1.000000E-00
2.024447E-09	1.000000E-00
2.066880E-09	1.000000E-00
2.110203E-09	1.000000E-00
2.154435E-09	1.000000E-00
2.199593E-09	1.000000E-00
2.245698E-09	1.000000E-00
2.292769E-09	1.000000E-00
2.340827E-09	1.000000E-00
2.389893E-09	1.000000E-00
2.439986E-09	1.000000E-00
2.491130E-09	1.000000E-00
2.543346E-09	1.000000E-00
2.596656E-09	1.000000E-00
2.651084E-09	1.000000E-00
2.706652E-09	1.000000E-00
2.763385E-09	1.000000E-00
2.821308E-09	1.000000E-00
2.880444E-09	1.000000E-00
2.940820E-09	1.000000E-00
3.002462E-09	1.000000E-00
3.065395E-09	1.000000E-00
3.129648E-09	1.000000E-00
3.195248E-09	1.000000E-00
3.262222E-09	1.000000E-00
3.330600E-09	1.000000E-00
3.400412E-09	1.000000E-00
3.471687E-09	1.000000E-00
3.544456E-09	1.000000E-00
3.618750E-09	1.000000E-00
3.694601E-09	1.000000E-00
3.772042E-09	1.000000E-00
3.851107E-09	1.000000E-00
3.931829E-09	1.000000E-00
4.014242E-09	1.000000E-00
4.098384E-09	1.000000E-00
4.184289E-09	1.000000E-00
4.271994E-09	1.000000E-00
4.361538E-09	1.000000E-00
4.452959E-09	1.000000E-00
4.546295E-09	1.000000E-00
4.641589E-09	1.000000E-00
4.738880E-09	1.000000E-00
4.838210E-09	1.000000E-00
4.939622E-09	1.000000E-00
5.043159E-09	1.000000E-00
5.148867E-09	1.000000E-00
5.256791E-09	1.000000E-00
5.366977E-09	1.000000E-00
5.479472E-09	1.000000E-00
5.594326E-09	1.000000E-00
5.711586E-09	1.000000E-00
5.831305E-09	1.000000E-00
5.953533E-09	1.000000E-00
6.078323E-09	1.000000E-00
6.205729E-09	1.000000E-00
6.335805E-09	1.000000E-00
6.468608E-09	1.000000E-00
6.604194E-09	1.000000E-00
6.742622E-09	1.000000E-00
6.883952E-09	1.000000E-00
7.028244E-09	1.000000E-00
7.175561E-09	1.000000E-00
7.325965E-09	1.000000E-00
7.479523E-09	1.000000E-00
7.636298E-09	1.000000E-00
7.796360E-09	1.000000E-00
7.959777E-09	1.000000E-00
8.126619E-09	1.000000E-00
8.296959E-09	1.000000E-00
8.470868E-09	1.000000E-00
8.648423E-09	1.000000E-00
8.829700E-09	1.000000E-00
9.014776E-09	1.000000E-00
9.203732E-09	1.000000E-00
9.396648E-09	1.000000E-00
9.593608E-09	1.000000E-00
9.794697E-09	1.000000E-00
1.000000E-08	1.000000E-00
1.020961E-08	1.000000E-00
1.042361E-08	1.000000E-00
1.064209E-08	1.000000E-00
1.086516E-08	1.000000E-00
1.109290E-08	1.000000E-00
1.132541E-08	1.000000E-00
1.156280E-08	1.000000E-00
1.180517E-08	1.000000E-00
1.205261E-08	1.000000E-00
1.230524E-08	1.000000E-00
1.256317E-08	1.000000E-00
1.282650E-08	1.000000E-00
1.309535E-08	1.000000E-00
1.336984E-08	1.000000E-00
1.365008E-08	1.000000E-00
1.393619E-08	1.000000E-00
1.422830E-08	1.000000E-00
1.452654E-08	1.000000E-00
1.483103E-08	1.000000E-00
1.514189E-08	1.000000E-00
1.545928E-08	1.000000E-00
1.578331E-08	1.000000E-00
1.611414E-08	1.000000E-00
1.645191E-08	1.000000E-00
1.679675E-08	1.000000E-00
1.714882E-08	1.000000E-00
1.750827E-08	1.000000E-00
1.787526E-08	1.000000E-00
1.824993E-08	1.000000E-00
1.863246E-08	1.000000E-00
1.902301E-08	1.000000E-00
1.942175E-08	1.000000E-00
1.982884E-08	1.000000E-00
2.024447E-08	1.000000E-00
2.066880E-08	1.000000E-00
2.110203E-08	1.000000E-00
2.154435E-08	1.000000E-00
2.199593E-08	1.000000E-00
2.245698E-08	1.000000E-00
2.292769E-08	1.000000E-00
2.340827E-08	1.000000E-00
2.389893E-08	1.000000E-00
2.439986E-08	1.000000E-00
2.491130E-08	1.000000E-00
2.543346E-08	1.000000E-00
2.596656E-08	1.000000E-00
2.651084E-08	1.000000E-00
2.706652E-08	1.000000E-00
2.763385E-08	1.000000E-00
2.821308E-08	1.000000E-00
2.880444E-08	1.000000E-00
2.940820E-08	1.000000E-00
3.002462E-08	1.000000E-00
3.065395E-08	1.000000E-00
3.129648E-08	1.000000E-00
3.195248E-08	1.000000E-00
3.262222E-08	1.000000E-00
3.330600E-08	1.000000E-00
3.400412E-08	1.000000E-00
3.471687E-08	1.000000E-00
3.544456E-08	1.000000E-00
3.618750E-08	1.000000E-00
3.694601E-08	1.000000E-00
3.772042E-08	1.000000E-00
3.851107E-08	1.000000E-00
3.931829E-08	1.000000E-00
4.014242E-08	1.000000E-00
4.098384E-08	1.000000E-00
4.184289E-08	1.000000E-00
4.271994E-08	1.000000E-00
4.361538E-08	1.000000E-00
4.452959E-08	1.000000E-00
4.546295E-08	1.000000E-00
4.641589E-08	1.000000E-00
4.738880E-08	1.000000E-00
4.838210E-08	1.000000E-00
4.939622E-08	1.000000E-00
5.043159E-08	1.000000E-00
5.148867E-08	1.000000E-00
5.256791E-08	1.000000E-00
5.366977E-08	1.000000E-00
5.479472E-08	1.000000E-00
5.594326E-08	1.000000E-00
5.711586E-08	1.000000E-00
5.831305E-08	1.000000E-00
5.953533E-08	1.000000E-00
6.078323E-08	1.000000E-00
6.205729E-08	1.000000E-00
6.335805E-08	1.000000E-00
6.468608E-08	1.000000E-00
6.604194E-08	1.000000E-00
6.742622E-08	1.000000E-00
6.883952E-08	1.000000E-00
7.028244E-08	1.000000E-00
7.175561E-08	1.000000E-00
7.325965E-08	1.000000E-00
7.479523E-08	1.000000E-00
7.636298E-08	1.000000E-00
7.796360E-08	1.000000E-00
7.959777E-08	1.000000E-00
8.126619E-08	1.000000E-00
8.296959E-08	1.000000E-00
8.470868E-08	1.000000E-00
8.648423E-08	1.000000E-00
8.829700E-08	1.000000E-00
9.014776E-08	1.000000E-00
9.203732E-08	1.000000E-00
9.396648E-08	1.000000E-00
9.593608E-08	1.000000E-00
9.794697E-08	1.000000E-00
1.000000E-07	1.000000E-00
1.020961E-07	1.000000E-00
1.042361E-07	1.000000E-00
1.064209E-07	1.000000E-00
1.086516E-07	1.000000E-00
1.109290E-07	1.000000E-00
1.132541E-07	1.000000E-00
1.156280E-07	1.000000E-00
1.180517E-07	1.000000E-00
1.205261E-07	1.000000E-00
1.230524E-07	1.000000E-00
1.256317E-07	1.000000E-00
1.282650E-07	1.000000E-00
1.309535E-07	1.000000E-00
1.336984E-07	1.000000E-00
1.365008E-07	1.000000E-00
1.393619E-07	1.000000E-00
1.422830E-07	1.000000E-00
1.452654E-07	1.000000E-00
1.483103E-07	1.000000E-00
1.514189E-07	1.000000E-00
1.545928E-07	1.000000E-00
1.578331E-07	1.000000E-00
1.611414E-07	1.000000E-00
1.645191E-07	1.000000E-00
1.679675E-07	1.000000E-00
1.714882E-07	1.000000E-00
1.750827E-07	1.000000E-00
1.787526E-07	1.000000E-00
1.824993E-07	1.000000E-00
1.863246E-07	1.000000E-00
1.902301E-07	1.000000E-00
1.942175E-07	1.000000E-00
1.982884E-07	1.000000E-00
2.024447E-07	1.000000E-00
2.066880E-07	1.000000E-00
2.110203E-07	1.000000E-00
2.154435E-07	1.000000E-00
2.199593E-07	1.000000E-00
2.245698E-07	1.000000E-00
2.292769E-07	1.000000E-00
2.340827E-07	1.000000E-00
2.389893E-07	1.000000E-00
2.439986E-07	1.000000E-00
2.491130E-07	1.000000E-00
2.543346E-07	1.000000E-00
2.596656E-07	1.000000E-00
2.651084E-07	1.000000E-00
2.706652E-07	1.000000E-00
2.763385E-07	1.000000E-00
2.821308E-07	1.000000E-00
2.880444E-07	1.000000E-00
2.940820E-07	1.000000E-00
3.002462E-07	1.000000E-00
3.065395E-07	1.000000E-00
3.129648E-07	1.000000E-00
3.195248E-07	1.000000E-00
3.262222E-07	1.000000E-00
3.330600E-07	1.000000E-00
3.400412E-07	1.000000E-00
3.471687E-07	1.000000E-00
3.544456E-07	1.000000E-00
3.618750E-07	1.000000E-00
3.694601E-07	1.000000E-00
3.772042E-07	1.000000E-00
3.851107E-07	1.000000E-00
3.931829E-07	1.000000E-00
4.014242E-07	1.000000E-00
4.098384E-07	1.000000E-00
4.184289E-07	1.000000E-00
4.271994E-07	1.000000E-00
4.361538E-07	1.000000E-00
4.452959E-07	1.000000E-00
4.546295E-07	1.000000E-00
4.641589E-07	1.000000E-00
4.738880E-07	1.000000E-00
4.838210E-07	1.000000E-00
4.939622E-07	1.000000E-00
5.043159E-07	1.000000E-00
5.148867E-07	1.000000E-00
5.256791E-07	1.000000E-00
5.366977E-07	1.000000E-00
5.479472E-07	1.000000E-00
5.594326E-07	1.000000E-00
5.711586E-07	1.000000E-00
5.831305E-07	1.000000E-00
5.953533E-07	1.000000E-00
6.078323E-07	1.000000E-00
6.205729E-07	1.000000E-00
6.335805E-07	1.000000E-00
6.468608E-07	1.000000E-00
6.604194E-07	1.000000E-00
6.742622E-07	1.000000E-00
6.883952E-07	1.000000E-00
7.028244E-07	1.000000E-00
7.175561E-07	1.000000E-00
7.325965E-07	1.000000E-00
7.479523E-07	1.000000E-00
7.636298E-07	1.000000E-00
7.796360E-07	1.000000E-00
7.959777E-07	1.000000E-00
8.126619E-07	1.000000E-00
8.296959E-07	1.000000E-00
8.470868E-07	1.000000E-00
8.648423E-07	1.000000E-00
8.829700E-07	1.000000E-00
9.014776E-07	1.000000E-00
9.203732E-07	1.000000E-00
9.396648E-07	1.000000E-00
9.593608E-07	1.000000E-00
9.794697E-07	1.000000E-00
1.000000E-06	1.000000E-00
1.020961E-06	1.000000E-00
1.042361E-06	1.000000E-00
1.064209E-06	1.000000E-00
1.086516E-06	1.000000E-00
1.109290E-06	1.000000E-00
1.132541E-06	1.000000E-00
1.156280E-06	1.000000E-00
1.180517E-06	1.000000E-00
1.205261E-06	1.000000E-00
1.230524E-06	1.000000E-00
1.256317E-06	1.000000E-00
1.282650E-06	1.000000E-00
1.309535E-06	1.000000E-00
1.336984E-06	1.000000E-00
1.365008E-06	1.000000E-00
1.393619E-06	1.000000E-00
1.422830E-06	1.000000E-00
1.452654E-06	1.000000E-00
1.483103E-06	1.000000E-00
1.514189E-06	1.000000E-00
1.545928E-06	1.000000E-00
1.578331E-06	1.000000E-00
1.611414E-06	1.000000E-00
1.645191E-06	1.000000E-00
1.679675E-06	1.000000E-00
1.714882E-06	1.000000E-00
1.750827E-06	1.000000E-00
1.787526E-06	1.000000E-00
1.824993E-06	1.000000E-00
1.863246E-06	1.000000E-00
1.902301E-06	1.000000E-00
1.942175E-06	1.000000E-00
1.982884E-06	1.000000E-00
2.024447E-06	1.000000E-00
2.066880E-06	1.000000E-00
2.110203E-06	1.000000E-00
2.154435E-06	1.000000E-00
2.199593E-06	1.000000E-00
2.245698E-06	1.000000E-00
2.292769E-06	1.000000E-00
2.340827E-06	1.000000E-00
2.389893E-06	1.000000E-00
2.439986E-06	1.000000E-00
2.491130E-06	1.000000E-00
2.543346E-06	1.000000E-00
2.596656E-06	1.000000E-00
2.651084E-06	1.000000E-00
2.706652E-06	1.000000E-00
2.763385E-06	1.000000E-00
2.821308E-06	1.000000E-00
2.880444E-06	1.000000E-00
2.940820E-06	1.000000E-00
3.002462E-06	1.000000E-00
3.065395E-06	1.000000E-00
3.129648E-06	1.000000E-00
3.195248E-06	1.000000E-00
3.262222E-06	1.000000E-00
3.330600E-06	1.000000E-00
3.400412E-06	1.000000E-00
3.471687E-06	1.000000E-00
3.544456E-06	1.000000E-00
3.618750E-06	1.000000E-00
3.694601E-06	1.000000E-00
3.772042E-06	1.000000E-00
3.851107E-06	1.000000E-00
3.931829E-06	1.000000E-00
4.014242E-06	1.000000E-00
4.098384E-06	1.000000E-00
4.184289E-06	1.000000E-00
4.271994E-06	1.000000E-00
4.361538E-06	1.000000E-00
4.452959E-06	1.000000E-00
4.546295E-06	1.000000E-00
4.641589E-06	1.000000E-00
4.738880E-06	1.000000E-00
4.838210E-06	1.000000E-00
4.939622E-06	1.000000E-00
5.043159E-06	1.000000E-00
5.148867E-06	1.000000E-00
5.256791E-06	1.000000E-00
5.366977E-06	1.000000E-00
5.479472E-06	1.000000E-00
5.594326E-06	1.000000E-00
5.711586E-06	1.000000E-00
5.831305E-06	1.000000E-00
5.953533E-06	1.000000E-00
6.078323E-06	1.000000E-00
6.205729E-06	1.000000E-00
6.335805E-06	1.000000E-00
6.468608E-06	1.000000E-00
6.604194E-06	1.000000E-00
6.742622E-06	1.000000E-00
6.883952E-06	1.000000E-00
7.028244E-06	1.000000E-00
7.175561E-06	1.000000E-00
7.325965E-06	1.000000E-00
7.479523E-06	1.000000E-00
7.636298E-06	1.000000E-00
7.796360E-06	1.000000E-00
7.959777E-06	1.000000E-00
8.126619E-06	1.000000E-00
8.296959E-06	1.000000E-00
8.470868E-06	1.000000E-00
8.648423E-06	1.000000E-00
8.829700E-06	1.000000E-00
9.014776E-06	1.000000E-00
9.203732E-06	1.000000E-00
9.396648E-06	1.000000E-00
9.593608E-06	1.000000E-00
9.794697E-06	1.000000E-00
1.000000E-05	1.000000E-00
1.020961E-05	1.000000E-00
1.042361E-05	1.000000E-00
1.064209E-05	1.000000E-00
1.086516E-05	1.000000E-00
1.109290E-05	1.000000E-00
1.132541E-05	1.000000E-00
1.156280E-05	1.000000E-00
1.180517E-05	1.000000E-00
1.205261E-05	1.000000E-00
1.230524E-05	1.000000E-00
1.256317E-05	1.000000E-00
1.282650E-05	1.000000E-00
1.309535E-05	1.000000E-00
1.336984E-05	1.000000E-00
1.365008E-05	1.000000E-00
1.393619E-05	1.000000E-00
1.422830E-05	1.000000E-00
1.452654E-05	1.000000E-00
1.483103E-05	1.000000E-00
1.514189E-05	1.000000E-00
1.545928E-05	1.000000E-00
1.578331E-05	1.000000E-00
1.611414E-05	1.000000E-00
1.645191E-05	1.000000E-00
1.679675E-05	1.000000E-00
1.714882E-05	1.000000E-00
1.750827E-05	1.000000E-00
1.787526E-05	1.000000E-00
1.824993E-05	1.000000E-00
1.863246E-05	1.000000E-00
1.902301E-05	1.000000E-00
1.942175E-05	1.000000E-00
1.982884E-05	1.000000E-00
2.024447E-05	1.000000E-00
2.066880E-05	1.000000E-00
2.110203E-05	1.000000E-00
2.154435E-05	1.000000E-00
2.199593E-05	1.000000E-00
2.245698E-05	1.000000E-00
2.292769E-05	1.000000E-00
2.340827E-05	1.000000E-00
2.389893E-05	1.000000E-00
2.439986E-05	1.000000E-00
2.491130E-05	1.000000E-00
2.543346E-05	1.000000E-00
2.596656E-05	1.000000E-00
2.651084E-05	1.000000E-00
2.706652E-05	1.000000E-00
2.763385E-05	1.000000E-00
2.821308E-05	1.000000E-00
2.880444E-05	1.000000E-00
2.940820E-05	1.000000E-00
3.002462E-05	1.000000E-00
3.065395E-05	1.000000E-00
3.129648E-05	1.000000E-00
3.195248E-05	1.000000E-00
3.262222E-05	1.000000E-00
3.330600E-05	1.000000E-00
3.400412E-05	1.000000E-00
3.471687E-05	1.000000E-00
3.544456E-05	1.000000E-00
3.618750E-05	1.000000E-00
3.694601E-05	1.000000E-00
3.772042E-05	1.000000E-00
3.851107E-05	1.000000E-00
3.931829E-05	1.000000E-00
4.014242E-05	1.000000E-00
4.098384E-05	1.000000E-00
4.184289E-05	1.000000E-00
4.271994E-05	1.000000E-00
4.361538E-05	1.000000E-00
4.452959E-05	1.000000E-00
4.546295E-05	1.000000E-00
4.641589E-05	1.000000E-00
4.738880E-05	1.000000E-00
4.838210E-05	1.000000E-00
4.939622E-05	1.000000E-00
5.043159E-05	1.000000E-00
5.148867E-05	1.000000E-00
5.256791E-05	1.000000E-00
5.366977E-05	1.000000E-00
5.479472E-05	1.000000E-00
5.594326E-05	1.000000E-00
5.711586E-05	1.000000E-00
5.831305E-05	1.000000E-00
5.953533E-05	1.000000E-00
6.078323E-05	1.000000E-00
6.205729E-05	1.000000E-00
6.335805E-05	1.000000E-00
6.468608E-05	1.000000E-00
6.604194E-05	1.000000E-00
6.742622E-05	1.000000E-00
6.883952E-05	1.000000E-00
7.028244E-05	1.000000E-00
7.175561E-05	1.000000E-00
7.325965E-05	1.000000E-00
7.479523E-05	1.000000E-00
7.636298E-05	1.000000E-00
7.796360E-05	1.000000E-00
7.959777E-05	1.000000E-00
8.126619E-05	1.000000E-00
8.296959E-05	1.000000E-00
8.470868E-05	1.000000E-00
8.648423E-05	1.000000E-00
8.829700E-05	1.000000E-00
9.014776E-05	1.000000E-00
9.203732E-05	1.000000E-00
9.396648E-05	1.000000E-00
9.593608E-05	1.000000E-00
9.794697E-05	1.000000E-00
1.000000E-04	1.000000E-00
1.020961E-04	1.000000E-00
1.042361E-04	1.000000E-00
1.064209E-04	1.000000E-00
1.086516E-04	1.000000E-00
1.109290E-04	1.000000E-00
1.132541E-04	1.000000E-00
1.156280E-04	1.000000E-00
1.180517E-04	1.000000E-00
1.205261E-04	1.000000E-00
1.230524E-04	1.000000E-00
1.256317E-04	1.000000E-00
1.282650E-04	1.000000E-00
1.309535E-04	1.000000E-00
1.336984E-04	1.000000E-00
1.365008E-04	1.000000E-00
1.393619E-04	1.000000E-00
1.422830E-04	1.000000E-00
1.452654E-04	1.000000E-00
1.483103E-04	1.000000E-00
1.514189E-04	1.000000E-00
1.545928E-04	1.000000E-00
1.578331E-04	1.000000E-00
1.611414E-04	1.000000E-00
1.645191E-04	1.000000E-00
1.679675E-04	1.000000E-00
1.714882E-04	1.000000E-00
1.750827E-04	1.000000E-00
1.787526E-04	1.000000E-00
1.824993E-04	1.000000E-00
1.863246E-04	1.000000E-00
1.902301E-04	1.000000E-00
1.942175E-04	1.000000E-00
1.982884E-04	1.000000E-00
2.024447E-04	1.000000E-00
2.066880E-04	1.000000E-00
2.110203E-04	1.000000E-00
2.154435E-04	1.000000E-00
2.199593E-04	1.000000E-00
2.245698E-04	1.000000E-00
2.292769E-04	1.000000E-00
2.340827E-04	1.000000E-00
2.389893E-04	1.000000E-00
2.439986E-04	1.000000E-00
2.491130E-04	1.000000E-00
2.543346E-04	1.000000E-00
2.596656E-04	1.000000E-00
2.651084E-04	1.000000E-00
2.706652E-04	1.000000E-00
2.763385E-04	1.000000E-00
2.821308E-04	1.000000E-00
2.880444E-04	1.000000E-00
2.940820E-04	1.000000E-00
3.002462E-04	1.000000E-00
3.065395E-04	1.000000E-00
3.129648E-04	1.000000E-00
3.195248E-04	1.000000E-00
3.262222E-04	1.000000E-00
3.330600E-04	1.000000E-00
3.400412E-04	1.000000E-00
3.471687E-04	1.000000E-00
3.544456E-04	1.000000E-00
3.618750E-04	1.000000E-00
3.694601E-04	1.000000E-00
3.772042E-04	1.000000E-00
3.851107E-04	1.000000E-00
3.931829E-04	1.000000E-00
4.014242E-04	1.000000E-00
4.098384E-04	1.000000E-00
4.184289E-04	1.000000E-00
4.271994E-04	1.000000E-00
4.361538E-04	1.000000E-00
4.452959E-04	1.000000E-00
4.546295E-04	1.000000E-00
4.641589E-04	1.000000E-00
4.738880E-04	1.000000E-00
4.838210E-04	1.000000E-00
4.939622E-04	1.000000E-00
5.043159E-04	1.000000E-00
5.148867E-04	1.000000E-00
5.256791E-04	1.000000E-00
5.366977E-04	1.000000E-00
5.479472E-04	1.000000E-00
5.594326E-04	1.000000E-00
5.711586E-04	1.000000E-00
5.831305E-04	1.000000E-00
5.953533E-04	1.000000E-00
6.078323E-04	1.000000E-00
6.205729E-04	1.000000E-00
6.335805E-04	1.000000E-00
6.468608E-04	1.000000E-00
6.604194E-04	1.000000E-00
6.742622E-04	1.000000E-00
6.883952E-04	1.000000E-00
7.028244E-04	1.000000E-00
7.175561E-04	1.000000E-00
7.325965E-04	1.000000E-00
7.479523E-04	1.000000E-00
7.636298E-04	1.000000E-00
7.796360E-04	1.000000E-00
7.959777E-04	1.000000E-00
8.126619E-04	1.000000E-00
8.296959E-04	1.000000E-00
8.470868E-04	1.000000E-00
8.648423E-04	1.000000E-00
8.829700E-04	1.000000E-00
9.014776E-04	1.000000E-00
9.203732E-04	1.000000E-00
9.396648E-04	1.000000E-00
9.593608E-04	1.000000E-00
9.794697E-04	1.000000E-00
1.000000E-03	1.000000E-00
1.020961E-03	1.000000E-00
1.042361E-03	1.000000E-00
1.064209E-03	1.000000E-00
1.086516E-03	1.000000E-00
1.109290E-03	1.000000E-00
1.132541E-03	1.000000E-00
1.156280E-03	1.000000E-00
1.180517E-03	1.000000E-00
1.205261E-03	1.000000E-00
1.230524E-03	1.000000E-00
1.256317E-03	1.000000E-00
1.282650E-03	1.000000E-00
1.309535E-03	1.000000E-00
1.336984E-03	1.000000E-00
1.365008E-03	1.000000E-00
1.393619E-03	1.000000E-00
1.422830E-03	1.000000E-00
1.452654E-03	1.000000E-00
1.483103E-03	1.000000E-00
1.514189E-03	1.000000E-00
1.545928E-03	1.000000E-00
1.578331E-03	1.000000E-00
1.611414E-03	1.000000E-00
1.645191E-03	1.000000E-00
1.679675E-03	1.000000E-00
1.714882E-03	1.000000E-00
1.750827E-03	1.000000E-00
1.787526E-03	1.000000E-00
1.824993E-03	1.000000E-00
1.863246E-03	1.000000E-00
1.902301E-03	1.000000E-00
1.942175E-03	1.000000E-00
1.982884E-03	1.000000E-00
2.024447E-03	1.000000E-00
2.066880E-03	1.000000E-00
2.110203E-03	1.000000E-00
2.154435E-03	1.000000E-00
2.199593E-03	1.000000E-00
2.245698E-03	1.000000E-00
2.292769E-03	1.000000E-00
2.340827E-03	1.000000E-00
2.389893E-03	1.000000E-00
2.439986E-03	1.000000E-00
2.491130E-03	1.000000E-00
2.543346E-03	1.000000E-00
2.596656E-03	1.000000E-00
2.651084E-03	1.000000E-00
2.706652E-03	1.000000E-00
2.763385E-03	1.000000E-00
2.821308E-03	1.000000E-00
2.880444E-03	1.000000E-00
2.940820E-03	1.000000E-00
3.002462E-03	1.000000E-00
3.065395E-03	1.000000E-00
3.129648E-03	1.000000E-00
3.195248E-03	1.000000E-00
3.262222E-03	1.000000E-00
3.330600E-03	1.000000E-00
3.400412E-03	1.000000E-00
3.471687E-03	1.000000E-00
3.544456E-03	1.000000E-00
3.618750E-03	1.000000E-00
3.694601E-03	1.000000E-00
3.772042E-03	1.000000E-00
3.851107E-03	1.000000E-00
3.931829E-03	1.000000E-00
4.014242E-03	1.000000E-00
4.098384E-03	1.000000E-00
4.184289E-03	1.000000E-00
4.271994E-03	1.000000E-00
4.361538E-03	1.000000E-00
4.452959E-03	1.000000E-00
4.546295E-03	1.000000E-00
4.641589E-03	1.000000E-00
4.738880E-03	1.000000E-00
4.838210E-03	1.000000E-00
4.939622E-03	1.000000E-00
5.043159E-03	1.000000E-00
5.148867E-03	1.000000E-00
5.256791E-03	1.000000E-00
5.366977E-03	1.000000E-00
5.479472E-03	1.000000E-00
5.594326E-03	1.000000E-00
5.711586E-03	1.000000E-00
5.831305E-03	1.000000E-00
5.953533E-03	1.000000E-00
6.078323E-03	1.000000E-00
6.205729E-03	1.000000E-00
6.335805E-03	1.000000E-00
6.468608E-03	1.000000E-00
6.604194E-03	1.000000E-00
6.742622E-03	1.000000E-00
6.883952E-03	1.000000E-00
7.028244E-03	1.000000E-00
7.175561E-03	1.000000E-00
7.325965E-03	1.000000E-00
7.479523E-03	1.000000E-00
7.636298E-03	1.000000E-00
7.796360E-03	1.000000E-00
7.959777E-03	1.000000E-00
8.126619E-03	1.000000E-00
8.296959E-03	1.000000E-00
8.470868E-03	1.000000E-00
8.648423E-03	1.000000E-00
8.829700E-03	1.000000E-00
9.014776E-03	1.000000E-00
9.203732E-03	1.000000E-00
9.396648E-03	1.000000E-00
9.593608E-03	1.000000E-00
9.794697E-03	1.000000E-00
1.000000E-02	1.000000E-00
1.020961E-02	1.000000E-00
1.042361E-02	1.000000E-00
1.064209E-02	1.000000E-00
1.086516E-02	1.000000E-00
1.109290E-02	1.000000E-00
1.132541E-02	1.000000E-00
1.156280E-02	1.000000E-00
1.180517E-02	1.000000E-00
1.205261E-02	1.000000E-00
1.230524E-02	1.000000E-00
1.256317E-02	1.000000E-00
1.282650E-02	1.000000E-00
1.309535E-02	1.000000E-00
1.336984E-02	1.000000E-00
1.365008E-02	1.000000E-00
1.393619E-02	1.000000E-00
1.422830E-02	1.000000E-00
1.452654E-02	1.000000E-00
1.483103E-02	1.000000E-00
1.514189E-02	1.000000E-00
1.545928E-02	1.000000E-00
1.578331E-02	1.000000E-00
1.611414E-02	1.000000E-00
1.645191E-02	1.000000E-00
1.679675E-02	1.000000E-00
1.714882E-02	1.000000E-00
1.750827E-02	1.000000E-00
1.787526E-02	1.000000E-00
1.824993E-02	1.000000E-00
1.863246E-02	1.000000E-00
1.902301E-02	1.000000E-00
1.942175E-02	1.000000E-00
1.982884E-02	1.000000E-00
2.024447E-02	1.000000E-00
2.066880E-02	1.000000E-00
2.110203E-02	1.000000E-00
2.154435E-02	1.000000E-00
2.199593E-02	1.000000E-00
2.245698E-02	1.000000E-00
2.292769E-02	1.000000E-00
2.340827E-02	1.000000E-00
2.389893E-02	1.000000E-00
2.439986E-02	1.000000E-00
2.491130E-02	1.000000E-00
2.543346E-02	1.000000E-00
2.596656E-02	1.000000E-00
2.651084E-02	1.000000E-00
2.706652E-02	1.000000E-00
2.763385E-02	1.000000E-00
2.821308E-02	1.000000E-00
2.880444E-02	1.000000E-00
2.940820E-02	1.000000E-00
3.002462E-02	1.000000E-00
3.065395E-02	1.000000E-00
3.129648E-02	1.000000E-00
3.195248E-02	1.000000E-00
3.262222E-02	1.000000E-00
3.330600E-02	1.000000E-00
3.400412E-02	1.000000E-00
3.471687E-02	1.000000E-00
3.544456E-02	1.000000E-00
3.618750E-02	1.000000E-00
3.694601E-02	1.000000E-00
3.772042E-02	1.000000E-00
3.851107E-02	1.000000E-00
3.931829E-02	1.000000E-00
4.014242E-02	1.000000E-00
4.098384E-02	1.000000E-00
4.184289E-02	1.000000E-00
4.271994E-02	1.000000E-00
4.361538E-02	1.000000E-00
4.452959E-02	1.000000E-00
4.546295E-02	1.000000E-00
4.641589E-02	1.000000E-00
4.738880E-02	1.000000E-00
4.838210E-02	1.000000E-00
4.939622E-02	1.000000E-00
5.043159E-02	1.000000E-00
5.148867E-02	1.000000E-00
5.256791E-02	1.000000E-00
5.366977E-02	1.000000E-00
5.479472E-02	1.000000E-00
5.594326E-02	1.000000E-00
5.711586E-02	1.000000E-00
5.831305E-02	1.000000E-00
5.953533E-02	1.000000E-00
6.078323E-02	1.000000E-00
6.205729E-02	1.000000E-00
6.335805E-02	1.000000E-00
6.468608E-02	1.000000E-00
6.604194E-02	1.000000E-00
6.742622E-02	1.000000E-00
6.883952E-02	1.000000E-00
7.028244E-02	1.000000E-00
7.175561E-02	1.000000E-00
7.325965E-02	1.000000E-00
7.479523E-02	1.000000E-00
7.636298E-02	1.000000E-00
7.796360E-02	1.000000E-00
7.959777E-02	1.000000E-00
8.126619E-02	1.000000E-00
8.296959E-02	1.000000E-00
8.470868E-02	1.000000E-00
8.648423E-02	1.000000E-00
8.829700E-02	1.000000E-00
9.014776E-02	1.000000E-00
9.203732E-02	1.000000E-00
9.396648E-02	1.000000E-00
9.593608E-02	1.000000E-00
9.794697E-02	1.000000E-00
1.000000E-01	1.000000E-00
1.020961E-01	1.000000E-00
1.042361E-01	1.000000E-00
1.064209E-01	1.000000E-00
1.086516E-01	1.000000E-00
1.109290E-01	1.000000E-00
1.132541E-01	1.000000E-00
1.156280E-01	1.000000E-00
1.180517E-01	1.000000E-00
1.205261E-01	1.000000E-00
1.230524E-01	1.000000E-00
1.256317E-01	1.000000E-00
1.282650E-01	1.000000E-00
1.309535E-01	1.000000E-00
1.336984E-01	1.000000E-00
1.365008E-01	1.000000E-00
1.393619E-01	1.000000E-00
1.422830E-01	1.000000E-00
1.452654E-01	1.000000E-00
1.483103E-01	1.000000E-00
1.514189E-01	1.000000E-00
1.545928E-01	1.000000E-00
1.578331E-01	1.000000E-00
1.611414E-01	1.000000E-00
1.645191E-01	1.000000E-00
1.679675E-01	1.000000E-00
1.714882E-01	1.000000E-00
1.750827E-01	1.000000E-00
1.787526E-01	1.000000E-00
1.824993E-01	1.000000E-00
1.863246E-01	1.000000E-00
1.902301E-01	1.000000E-00
1.942175E-01	1.000000E-00
1.982884E-01	1.000000E-00
2.024447E-01	1.000000E-00
2.066880E-01	1.000000E-00
2.110203E-01	1.000000E-00
2.154435E-01	1.000000E-00
2.199593E-01	1.000000E-00
2.245698E-01	1.000000E-00
2.292769E-01	1.000000E-00
2.340827E-01	1.000000E-00
2.389893E-01	1.000000E-00
2.439986E-01	1.000000E-00
2.491130E-01	1.000000E-00
2.543346E-01	1.000000E-00
2.596656E-01	1.000000E-00
2.651084E-01	1.000000E-00
2.706652E-01	1.000000E-00
2.763385E-01	1.000000E-00
2.821308E-01	1.000000E-00
2.880444E-01	1.000000E-00
2.940820E-01	1.000000E-00
3.002462E-01	1.000000E-00
3.065395E-01	1.000000E-00
3.129648E-01	1.000000E-00
3.195248E-01	1.000000E-00
3.262222E-01	1.000000E-00
3.330600E-01	1.000000E-00
3.400412E-01	1.000000E-00
3.471687E-01	1.000000E-00
3.544456E-01	1.000000E-00
3.618750E-01	1.000000E-00
3.694601E-01	1.000000E-00
3.772042E-01	1.000000E-00
3.851107E-01	1.000000E-00
3.931829E-01	1.000000E-00
4.014242E-01	1.000000E-00
4.098384E-01	1.000000E-00
4.184289E-01	1.000000E-00
4.271994E-01	1.000000E-00
4.361538E-01	1.000000E-00
4.452959E-01	1.000000E-00
4.546295E-01	1.000000E-00
4.641589E-01	1.000000E-00
4.738880E-01	1.000000E-00
4.838210E-01	1.000000E-00
4.939622E-01	1.000000E-00
5.043159E-01	1.000000E-00
5.148867E-01	1.000000E-00
5.256791E-01	1.000000E-00
5.366977E-01	1.000000E-00
5.479472E-01	1.000000E-00
5.594326E-01	1.000000E-00
5.711586E-01	1.000000E-00
5.831305E-01	1.000000E-00
5.953533E-01	1.000000E-00
6.078323E-01	1.000000E-00
6.205729E-01	1.000000E-00
6.335805E-01	1.000000E-00
6.468608E-01	1.000000E-00
6.604194E-01	1.000000E-00
6.742622E-01	1.000000E-00
6.883952E-01	1.000000E-00
7.028244E-01	1.000000E-00
7.175561E-01	1.000000E-00
7.325965E-01	1.000000E-00
7.479523E-01	1.000000E-00
7.636298E-01	1.000000E-00
7.796360E-01	1.000000E-00
7.959777E-01	1.000000E-00
8.126619E-01	1.000000E-00
8.296959E-01	1.000000E-00
8.470868E-01	1.000000E-00
8.648423E-01	1.000000E-00
8.829700E-01	1.000000E-00
9.014776E-01	1.000000E-00
9.203732E-01	1.000000E-00
9.396648E-01	1.000000E-00
9.593608E-01	1.000000E-00
9.794697E-01	1.000000E-00
1.000000E+00	1.000000E-00
